
# Directory colors for tomorrow-night-bright

# Term Section
TERM tmux
TERM screen
TERM xterm

# Attribute codes:
# 00=none 01=bold 04=underscore 05=blink 07=reverse 08=concealed
#
# Tomorrow night theme:
# 29;31;33 Background
# 40;42;46 Current Line
# 55;59;65 Selection
# 197;200;198 Foreground
# 150;152;150 Comment
# 204;102;102 Red
# 222;147;95 Orange
# 240;198;116 Yellow
# 181;189;104 Green
# 138;190;183 Aqua
# 129;162;190 Blue
# 178;148;187 Purple

## Special files

NORMAL 38;2;197;200;198 # foreground
FILE 38;2;197;200;198 # foreground
RESET 0
DIR 38;2;129;162;190 # green
LINK 38;2;138;190;183 # aqua
FIFO 38;2;204;102;102 # red
SOCK 38;2;240;198;116 # yellow
BLK 48;2;129;162;190;38;2;197;200;198 # foreground on blue
CHR 48;2;129;162;190;38;2;197;200;198 # foreground on blue
ORPHAN 48;2;204;102;102;38;2;197;200;198 # foreground on red
EXEC 38;2;178;148;187 # purple

# MULTIHARDLINK 0 # regular file with more than one link
# SETUID # file that is setuid (u+s)
# SETGID # file that is setgid (g+s)
# CAPABILITY # file with capability
# STICKY # dir with the sticky bit set (+t) and not other-writable
# STICKY_OTHER_WRITABLE # dir that is sticky and other-writable (+t,o+w)
# OTHER_WRITABLE # dir that is other-writable (o+w) and not sticky
# DOOR

## Archives or compressed (violet + bold for compression)
.tar    00;38;2;178;148;187
.tgz    01;38;2;178;148;187
.arj    01;38;2;178;148;187
.taz    01;38;2;178;148;187
.lzh    01;38;2;178;148;187
.lzma   01;38;2;178;148;187
.tlz    01;38;2;178;148;187
.txz    01;38;2;178;148;187
.zip    01;38;2;178;148;187
.z      01;38;2;178;148;187
.Z      01;38;2;178;148;187
.dz     01;38;2;178;148;187
.gz     01;38;2;178;148;187
.lz     01;38;2;178;148;187
.xz     01;38;2;178;148;187
.bz2    01;38;2;178;148;187
.bz     01;38;2;178;148;187
.tbz    01;38;2;178;148;187
.tbz2   01;38;2;178;148;187
.tz     01;38;2;178;148;187
.deb    01;38;2;178;148;187
.rpm    01;38;2;178;148;187
.jar    01;38;2;178;148;187
.rar    01;38;2;178;148;187
.ace    01;38;2;178;148;187
.zoo    01;38;2;178;148;187
.cpio   01;38;2;178;148;187
.7z     01;38;2;178;148;187
.rz     01;38;2;178;148;187
.apk    01;38;2;178;148;187

# Image formats (yellow)
.jpg    00;38;2;240;198;116
.JPG    00;38;2;240;198;116 #stupid but needed
.jpeg   00;38;2;240;198;116
.gif    00;38;2;240;198;116
.bmp    00;38;2;240;198;116
.pbm    00;38;2;240;198;116
.pgm    00;38;2;240;198;116
.ppm    00;38;2;240;198;116
.tga    00;38;2;240;198;116
.xbm    00;38;2;240;198;116
.xpm    00;38;2;240;198;116
.tif    00;38;2;240;198;116
.tiff   00;38;2;240;198;116
.png    00;38;2;240;198;116
.svg    00;38;2;240;198;116
.svgz   00;38;2;240;198;116
.mng    00;38;2;240;198;116
.pcx    00;38;2;240;198;116
.dl     00;38;2;240;198;116
.xcf    00;38;2;240;198;116
.xwd    00;38;2;240;198;116
.yuv    00;38;2;240;198;116
.cgm    00;38;2;240;198;116
.emf    00;38;2;240;198;116
.eps    00;38;2;240;198;116
.CR2    00;38;2;240;198;116
.ico    00;38;2;240;198;116

# Files of special interest (green)
.tex             00;38;2;181;189;104
.rdf             00;38;2;181;189;104
.owl             00;38;2;181;189;104
.n3              00;38;2;181;189;104
.ttl             00;38;2;181;189;104
.nt              00;38;2;181;189;104
.torrent         00;38;2;181;189;104
*Makefile        00;38;2;181;189;104
*Rakefile        00;38;2;181;189;104
*build.xml       00;38;2;181;189;104
*rc              00;38;2;181;189;104
*1               00;38;2;181;189;104
.nfo             00;38;2;181;189;104
*README          00;38;2;181;189;104
*README.txt      00;38;2;181;189;104
*readme.txt      00;38;2;181;189;104
*README.md       00;38;2;181;189;104
*README.markdown 00;38;2;181;189;104
*ini             00;38;2;181;189;104
*yml             00;38;2;181;189;104
*cfg             00;38;2;181;189;104
*conf            00;38;2;181;189;104

# "unimportant" files as logs and backups (comment)
.log        00;38;2;150;152;150
.bak        00;38;2;150;152;150
.aux        00;38;2;150;152;150
.bbl        00;38;2;150;152;150
.blg        00;38;2;150;152;150
*~          00;38;2;150;152;150
*#          00;38;2;150;152;150
.part       00;38;2;150;152;150
.incomplete 00;38;2;150;152;150
.swp        00;38;2;150;152;150
.tmp        00;38;2;150;152;150
.temp       00;38;2;150;152;150
.o          00;38;2;150;152;150
.pyc        00;38;2;150;152;150
.class      00;38;2;150;152;150
.cache      00;38;2;150;152;150

# Audio formats (orange)
.aac    00;38;2;222;147;95
.au     00;38;2;222;147;95
.flac   00;38;2;222;147;95
.mid    00;38;2;222;147;95
.midi   00;38;2;222;147;95
.mka    00;38;2;222;147;95
.mp3    00;38;2;222;147;95
.mpc    00;38;2;222;147;95
.ogg    00;38;2;222;147;95
.ra     00;38;2;222;147;95
.wav    00;38;2;222;147;95
.m4a    00;38;2;222;147;95
.axa    00;38;2;222;147;95
.oga    00;38;2;222;147;95
.spx    00;38;2;222;147;95
.xspf   00;38;2;222;147;95

# Video formats (as audio + bold)
.mov    01;38;2;222;147;95
.mpg    01;38;2;222;147;95
.mpeg   01;38;2;222;147;95
.m2v    01;38;2;222;147;95
.mkv    01;38;2;222;147;95
.ogm    01;38;2;222;147;95
.mp4    01;38;2;222;147;95
.m4v    01;38;2;222;147;95
.mp4v   01;38;2;222;147;95
.vob    01;38;2;222;147;95
.qt     01;38;2;222;147;95
.nuv    01;38;2;222;147;95
.wmv    01;38;2;222;147;95
.asf    01;38;2;222;147;95
.rm     01;38;2;222;147;95
.rmvb   01;38;2;222;147;95
.flc    01;38;2;222;147;95
.avi    01;38;2;222;147;95
.fli    01;38;2;222;147;95
.flv    01;38;2;222;147;95
.gl     01;38;2;222;147;95
.m2ts   01;38;2;222;147;95
.axv	01;38;2;222;147;95
.anx	01;38;2;222;147;95
.ogv	01;38;2;222;147;95
.ogx	01;38;2;222;147;95
