
# Directory colors for tomorrow-night-bright

# Term Section
TERM tmux
TERM screen
TERM xterm

# Attribute codes:
# 00=none 01=bold 04=underscore 05=blink 07=reverse 08=concealed
#
# Tomorrow theme:
# 255;255;255 Background
# 239;239;239 Current Line
# 214;214;214 Selection
# 77;77;76 Foreground
# 142;144;140 Comment
# 200;40;41 Red
# 245;135;31 Orange
# 234;183;0 Yellow
# 113;140;0 Green
# 62;153;159 Aqua
# 66;113;174 Blue
# 137;89;168 Purple

## Special files

NORMAL 38;2;77;77;76 # foreground
FILE 38;2;77;77;76 # foreground
RESET 0
DIR 38;2;66;113;174 # green
LINK 38;2;62;153;159 # aqua
FIFO 38;2;200;40;41 # red
SOCK 38;2;234;183;0 # yellow
BLK 48;2;66;113;174;38;2;77;77;76 # foreground on blue
CHR 48;2;66;113;174;38;2;77;77;76 # foreground on blue
ORPHAN 48;2;200;40;41;38;2;77;77;76 # foreground on red
EXEC 38;2;137;89;168 # purple

# MULTIHARDLINK 0 # regular file with more than one link
# SETUID # file that is setuid (u+s)
# SETGID # file that is setgid (g+s)
# CAPABILITY # file with capability
# STICKY # dir with the sticky bit set (+t) and not other-writable
# STICKY_OTHER_WRITABLE # dir that is sticky and other-writable (+t,o+w)
# OTHER_WRITABLE # dir that is other-writable (o+w) and not sticky
# DOOR

## Archives or compressed (violet + bold for compression)
.tar    00;38;2;137;89;168
.tgz    01;38;2;137;89;168
.arj    01;38;2;137;89;168
.taz    01;38;2;137;89;168
.lzh    01;38;2;137;89;168
.lzma   01;38;2;137;89;168
.tlz    01;38;2;137;89;168
.txz    01;38;2;137;89;168
.zip    01;38;2;137;89;168
.z      01;38;2;137;89;168
.Z      01;38;2;137;89;168
.dz     01;38;2;137;89;168
.gz     01;38;2;137;89;168
.lz     01;38;2;137;89;168
.xz     01;38;2;137;89;168
.bz2    01;38;2;137;89;168
.bz     01;38;2;137;89;168
.tbz    01;38;2;137;89;168
.tbz2   01;38;2;137;89;168
.tz     01;38;2;137;89;168
.deb    01;38;2;137;89;168
.rpm    01;38;2;137;89;168
.jar    01;38;2;137;89;168
.rar    01;38;2;137;89;168
.ace    01;38;2;137;89;168
.zoo    01;38;2;137;89;168
.cpio   01;38;2;137;89;168
.7z     01;38;2;137;89;168
.rz     01;38;2;137;89;168
.apk    01;38;2;137;89;168

# Image formats (yellow)
.jpg    00;38;2;234;183;0
.JPG    00;38;2;234;183;0 #stupid but needed
.jpeg   00;38;2;234;183;0
.gif    00;38;2;234;183;0
.bmp    00;38;2;234;183;0
.pbm    00;38;2;234;183;0
.pgm    00;38;2;234;183;0
.ppm    00;38;2;234;183;0
.tga    00;38;2;234;183;0
.xbm    00;38;2;234;183;0
.xpm    00;38;2;234;183;0
.tif    00;38;2;234;183;0
.tiff   00;38;2;234;183;0
.png    00;38;2;234;183;0
.svg    00;38;2;234;183;0
.svgz   00;38;2;234;183;0
.mng    00;38;2;234;183;0
.pcx    00;38;2;234;183;0
.dl     00;38;2;234;183;0
.xcf    00;38;2;234;183;0
.xwd    00;38;2;234;183;0
.yuv    00;38;2;234;183;0
.cgm    00;38;2;234;183;0
.emf    00;38;2;234;183;0
.eps    00;38;2;234;183;0
.CR2    00;38;2;234;183;0
.ico    00;38;2;234;183;0

# Files of special interest (green)
.tex             00;38;2;113;140;0
.rdf             00;38;2;113;140;0
.owl             00;38;2;113;140;0
.n3              00;38;2;113;140;0
.ttl             00;38;2;113;140;0
.nt              00;38;2;113;140;0
.torrent         00;38;2;113;140;0
*Makefile        00;38;2;113;140;0
*Rakefile        00;38;2;113;140;0
*build.xml       00;38;2;113;140;0
*rc              00;38;2;113;140;0
*1               00;38;2;113;140;0
.nfo             00;38;2;113;140;0
*README          00;38;2;113;140;0
*README.txt      00;38;2;113;140;0
*readme.txt      00;38;2;113;140;0
*README.md       00;38;2;113;140;0
*README.markdown 00;38;2;113;140;0
*ini             00;38;2;113;140;0
*yml             00;38;2;113;140;0
*cfg             00;38;2;113;140;0
*conf            00;38;2;113;140;0

# "unimportant" files as logs and backups (comment)
.log        00;38;2;142;144;140
.bak        00;38;2;142;144;140
.aux        00;38;2;142;144;140
.bbl        00;38;2;142;144;140
.blg        00;38;2;142;144;140
*~          00;38;2;142;144;140
*#          00;38;2;142;144;140
.part       00;38;2;142;144;140
.incomplete 00;38;2;142;144;140
.swp        00;38;2;142;144;140
.tmp        00;38;2;142;144;140
.temp       00;38;2;142;144;140
.o          00;38;2;142;144;140
.pyc        00;38;2;142;144;140
.class      00;38;2;142;144;140
.cache      00;38;2;142;144;140

# Audio formats (orange)
.aac    00;38;2;245;135;31
.au     00;38;2;245;135;31
.flac   00;38;2;245;135;31
.mid    00;38;2;245;135;31
.midi   00;38;2;245;135;31
.mka    00;38;2;245;135;31
.mp3    00;38;2;245;135;31
.mpc    00;38;2;245;135;31
.ogg    00;38;2;245;135;31
.ra     00;38;2;245;135;31
.wav    00;38;2;245;135;31
.m4a    00;38;2;245;135;31
.axa    00;38;2;245;135;31
.oga    00;38;2;245;135;31
.spx    00;38;2;245;135;31
.xspf   00;38;2;245;135;31

# Video formats (as audio + bold)
.mov    01;38;2;245;135;31
.mpg    01;38;2;245;135;31
.mpeg   01;38;2;245;135;31
.m2v    01;38;2;245;135;31
.mkv    01;38;2;245;135;31
.ogm    01;38;2;245;135;31
.mp4    01;38;2;245;135;31
.m4v    01;38;2;245;135;31
.mp4v   01;38;2;245;135;31
.vob    01;38;2;245;135;31
.qt     01;38;2;245;135;31
.nuv    01;38;2;245;135;31
.wmv    01;38;2;245;135;31
.asf    01;38;2;245;135;31
.rm     01;38;2;245;135;31
.rmvb   01;38;2;245;135;31
.flc    01;38;2;245;135;31
.avi    01;38;2;245;135;31
.fli    01;38;2;245;135;31
.flv    01;38;2;245;135;31
.gl     01;38;2;245;135;31
.m2ts   01;38;2;245;135;31
.axv	01;38;2;245;135;31
.anx	01;38;2;245;135;31
.ogv	01;38;2;245;135;31
.ogx	01;38;2;245;135;31
