
# Directory colors for tomorrow-night-bright

# Term Section
TERM tmux
TERM screen
TERM xterm

# Attribute codes:
# 00=none 01=bold 04=underscore 05=blink 07=reverse 08=concealed
#
# Tomorrow night bright theme:
# 0;0;0 Background
# 42;42;42 Current Line
# 66;66;66 Selection
# 234;234;234 Foreground
# 150;152;150 Comment
# 213;78;83 Red
# 231;140;69 Orange
# 231;197;71 Yellow
# 185;202;74 Green
# 112;192;177 Aqua
# 122;166;218 Blue
# 195;151;216 Purple

## Special files

NORMAL 38;2;234;234;234 # foreground
FILE 38;2;234;234;234 # foreground
RESET 0
DIR 38;2;122;166;218 # green
LINK 38;2;112;192;177 # aqua
FIFO 38;2;213;78;83 # red
SOCK 38;2;231;197;71 # yellow
BLK 48;2;122;166;218;38;2;234;234;234 # foreground on blue
CHR 48;2;122;166;218;38;2;234;234;234 # foreground on blue
ORPHAN 48;2;213;78;83;38;2;234;234;234 # foreground on red
EXEC 38;2;195;151;216 # purple

# MULTIHARDLINK 0 # regular file with more than one link
# SETUID # file that is setuid (u+s)
# SETGID # file that is setgid (g+s)
# CAPABILITY # file with capability
# STICKY # dir with the sticky bit set (+t) and not other-writable
# STICKY_OTHER_WRITABLE # dir that is sticky and other-writable (+t,o+w)
# OTHER_WRITABLE # dir that is other-writable (o+w) and not sticky
# DOOR

## Archives or compressed (violet + bold for compression)
.tar    00;38;2;195;151;216
.tgz    01;38;2;195;151;216
.arj    01;38;2;195;151;216
.taz    01;38;2;195;151;216
.lzh    01;38;2;195;151;216
.lzma   01;38;2;195;151;216
.tlz    01;38;2;195;151;216
.txz    01;38;2;195;151;216
.zip    01;38;2;195;151;216
.z      01;38;2;195;151;216
.Z      01;38;2;195;151;216
.dz     01;38;2;195;151;216
.gz     01;38;2;195;151;216
.lz     01;38;2;195;151;216
.xz     01;38;2;195;151;216
.bz2    01;38;2;195;151;216
.bz     01;38;2;195;151;216
.tbz    01;38;2;195;151;216
.tbz2   01;38;2;195;151;216
.tz     01;38;2;195;151;216
.deb    01;38;2;195;151;216
.rpm    01;38;2;195;151;216
.jar    01;38;2;195;151;216
.rar    01;38;2;195;151;216
.ace    01;38;2;195;151;216
.zoo    01;38;2;195;151;216
.cpio   01;38;2;195;151;216
.7z     01;38;2;195;151;216
.rz     01;38;2;195;151;216
.apk    01;38;2;195;151;216

# Image formats (yellow)
.jpg    00;38;2;231;197;71
.JPG    00;38;2;231;197;71 #stupid but needed
.jpeg   00;38;2;231;197;71
.gif    00;38;2;231;197;71
.bmp    00;38;2;231;197;71
.pbm    00;38;2;231;197;71
.pgm    00;38;2;231;197;71
.ppm    00;38;2;231;197;71
.tga    00;38;2;231;197;71
.xbm    00;38;2;231;197;71
.xpm    00;38;2;231;197;71
.tif    00;38;2;231;197;71
.tiff   00;38;2;231;197;71
.png    00;38;2;231;197;71
.svg    00;38;2;231;197;71
.svgz   00;38;2;231;197;71
.mng    00;38;2;231;197;71
.pcx    00;38;2;231;197;71
.dl     00;38;2;231;197;71
.xcf    00;38;2;231;197;71
.xwd    00;38;2;231;197;71
.yuv    00;38;2;231;197;71
.cgm    00;38;2;231;197;71
.emf    00;38;2;231;197;71
.eps    00;38;2;231;197;71
.CR2    00;38;2;231;197;71
.ico    00;38;2;231;197;71

# Files of special interest (green)
.tex             00;38;2;185;202;74
.rdf             00;38;2;185;202;74
.owl             00;38;2;185;202;74
.n3              00;38;2;185;202;74
.ttl             00;38;2;185;202;74
.nt              00;38;2;185;202;74
.torrent         00;38;2;185;202;74
*Makefile        00;38;2;185;202;74
*Rakefile        00;38;2;185;202;74
*build.xml       00;38;2;185;202;74
*rc              00;38;2;185;202;74
*1               00;38;2;185;202;74
.nfo             00;38;2;185;202;74
*README          00;38;2;185;202;74
*README.txt      00;38;2;185;202;74
*readme.txt      00;38;2;185;202;74
*README.md       00;38;2;185;202;74
*README.markdown 00;38;2;185;202;74
*ini             00;38;2;185;202;74
*yml             00;38;2;185;202;74
*cfg             00;38;2;185;202;74
*conf            00;38;2;185;202;74

# "unimportant" files as logs and backups (comment)
.log        00;38;2;150;152;150
.bak        00;38;2;150;152;150
.aux        00;38;2;150;152;150
.bbl        00;38;2;150;152;150
.blg        00;38;2;150;152;150
*~          00;38;2;150;152;150
*#          00;38;2;150;152;150
.part       00;38;2;150;152;150
.incomplete 00;38;2;150;152;150
.swp        00;38;2;150;152;150
.tmp        00;38;2;150;152;150
.temp       00;38;2;150;152;150
.o          00;38;2;150;152;150
.pyc        00;38;2;150;152;150
.class      00;38;2;150;152;150
.cache      00;38;2;150;152;150

# Audio formats (orange)
.aac    00;38;2;231;140;69
.au     00;38;2;231;140;69
.flac   00;38;2;231;140;69
.mid    00;38;2;231;140;69
.midi   00;38;2;231;140;69
.mka    00;38;2;231;140;69
.mp3    00;38;2;231;140;69
.mpc    00;38;2;231;140;69
.ogg    00;38;2;231;140;69
.ra     00;38;2;231;140;69
.wav    00;38;2;231;140;69
.m4a    00;38;2;231;140;69
.axa    00;38;2;231;140;69
.oga    00;38;2;231;140;69
.spx    00;38;2;231;140;69
.xspf   00;38;2;231;140;69

# Video formats (as audio + bold)
.mov    01;38;2;231;140;69
.mpg    01;38;2;231;140;69
.mpeg   01;38;2;231;140;69
.m2v    01;38;2;231;140;69
.mkv    01;38;2;231;140;69
.ogm    01;38;2;231;140;69
.mp4    01;38;2;231;140;69
.m4v    01;38;2;231;140;69
.mp4v   01;38;2;231;140;69
.vob    01;38;2;231;140;69
.qt     01;38;2;231;140;69
.nuv    01;38;2;231;140;69
.wmv    01;38;2;231;140;69
.asf    01;38;2;231;140;69
.rm     01;38;2;231;140;69
.rmvb   01;38;2;231;140;69
.flc    01;38;2;231;140;69
.avi    01;38;2;231;140;69
.fli    01;38;2;231;140;69
.flv    01;38;2;231;140;69
.gl     01;38;2;231;140;69
.m2ts   01;38;2;231;140;69
.axv	01;38;2;231;140;69
.anx	01;38;2;231;140;69
.ogv	01;38;2;231;140;69
.ogx	01;38;2;231;140;69
