
# Directory colors for tomorrow-night-bright

# Term Section
TERM tmux
TERM screen
TERM xterm

# Attribute codes:
# 00=none 01=bold 04=underscore 05=blink 07=reverse 08=concealed
#
# Tomorrow night blue theme:
# 0;36;81 Background
# 0;52;110 Current Line
# 0;63;142 Selection
# 255;255;255 Foreground
# 114;133;183 Comment
# 255;157;164 Red
# 255;197;143 Orange
# 255;238;173 Yellow
# 209;241;169 Green
# 153;255;255 Aqua
# 187;218;255 Blue
# 235;187;255 Purple

## Special files

NORMAL 38;2;255;255;255 # foreground
FILE 38;2;255;255;255 # foreground
RESET 0
DIR 38;2;187;218;255 # green
LINK 38;2;153;255;255 # aqua
FIFO 38;2;255;157;164 # red
SOCK 38;2;255;238;173 # yellow
BLK 48;2;187;218;255;38;2;255;255;255 # foreground on blue
CHR 48;2;187;218;255;38;2;255;255;255 # foreground on blue
ORPHAN 48;2;255;157;164;38;2;255;255;255 # foreground on red
EXEC 38;2;235;187;255 # purple

# MULTIHARDLINK 0 # regular file with more than one link
# SETUID # file that is setuid (u+s)
# SETGID # file that is setgid (g+s)
# CAPABILITY # file with capability
# STICKY # dir with the sticky bit set (+t) and not other-writable
# STICKY_OTHER_WRITABLE # dir that is sticky and other-writable (+t,o+w)
# OTHER_WRITABLE # dir that is other-writable (o+w) and not sticky
# DOOR

## Archives or compressed (violet + bold for compression)
.tar    00;38;2;235;187;255
.tgz    01;38;2;235;187;255
.arj    01;38;2;235;187;255
.taz    01;38;2;235;187;255
.lzh    01;38;2;235;187;255
.lzma   01;38;2;235;187;255
.tlz    01;38;2;235;187;255
.txz    01;38;2;235;187;255
.zip    01;38;2;235;187;255
.z      01;38;2;235;187;255
.Z      01;38;2;235;187;255
.dz     01;38;2;235;187;255
.gz     01;38;2;235;187;255
.lz     01;38;2;235;187;255
.xz     01;38;2;235;187;255
.bz2    01;38;2;235;187;255
.bz     01;38;2;235;187;255
.tbz    01;38;2;235;187;255
.tbz2   01;38;2;235;187;255
.tz     01;38;2;235;187;255
.deb    01;38;2;235;187;255
.rpm    01;38;2;235;187;255
.jar    01;38;2;235;187;255
.rar    01;38;2;235;187;255
.ace    01;38;2;235;187;255
.zoo    01;38;2;235;187;255
.cpio   01;38;2;235;187;255
.7z     01;38;2;235;187;255
.rz     01;38;2;235;187;255
.apk    01;38;2;235;187;255

# Image formats (yellow)
.jpg    00;38;2;255;238;173
.JPG    00;38;2;255;238;173 #stupid but needed
.jpeg   00;38;2;255;238;173
.gif    00;38;2;255;238;173
.bmp    00;38;2;255;238;173
.pbm    00;38;2;255;238;173
.pgm    00;38;2;255;238;173
.ppm    00;38;2;255;238;173
.tga    00;38;2;255;238;173
.xbm    00;38;2;255;238;173
.xpm    00;38;2;255;238;173
.tif    00;38;2;255;238;173
.tiff   00;38;2;255;238;173
.png    00;38;2;255;238;173
.svg    00;38;2;255;238;173
.svgz   00;38;2;255;238;173
.mng    00;38;2;255;238;173
.pcx    00;38;2;255;238;173
.dl     00;38;2;255;238;173
.xcf    00;38;2;255;238;173
.xwd    00;38;2;255;238;173
.yuv    00;38;2;255;238;173
.cgm    00;38;2;255;238;173
.emf    00;38;2;255;238;173
.eps    00;38;2;255;238;173
.CR2    00;38;2;255;238;173
.ico    00;38;2;255;238;173

# Files of special interest (green)
.tex             00;38;2;209;241;169
.rdf             00;38;2;209;241;169
.owl             00;38;2;209;241;169
.n3              00;38;2;209;241;169
.ttl             00;38;2;209;241;169
.nt              00;38;2;209;241;169
.torrent         00;38;2;209;241;169
*Makefile        00;38;2;209;241;169
*Rakefile        00;38;2;209;241;169
*build.xml       00;38;2;209;241;169
*rc              00;38;2;209;241;169
*1               00;38;2;209;241;169
.nfo             00;38;2;209;241;169
*README          00;38;2;209;241;169
*README.txt      00;38;2;209;241;169
*readme.txt      00;38;2;209;241;169
*README.md       00;38;2;209;241;169
*README.markdown 00;38;2;209;241;169
*ini             00;38;2;209;241;169
*yml             00;38;2;209;241;169
*cfg             00;38;2;209;241;169
*conf            00;38;2;209;241;169

# "unimportant" files as logs and backups (comment)
.log        00;38;2;114;133;183
.bak        00;38;2;114;133;183
.aux        00;38;2;114;133;183
.bbl        00;38;2;114;133;183
.blg        00;38;2;114;133;183
*~          00;38;2;114;133;183
*#          00;38;2;114;133;183
.part       00;38;2;114;133;183
.incomplete 00;38;2;114;133;183
.swp        00;38;2;114;133;183
.tmp        00;38;2;114;133;183
.temp       00;38;2;114;133;183
.o          00;38;2;114;133;183
.pyc        00;38;2;114;133;183
.class      00;38;2;114;133;183
.cache      00;38;2;114;133;183

# Audio formats (orange)
.aac    00;38;2;255;197;143
.au     00;38;2;255;197;143
.flac   00;38;2;255;197;143
.mid    00;38;2;255;197;143
.midi   00;38;2;255;197;143
.mka    00;38;2;255;197;143
.mp3    00;38;2;255;197;143
.mpc    00;38;2;255;197;143
.ogg    00;38;2;255;197;143
.ra     00;38;2;255;197;143
.wav    00;38;2;255;197;143
.m4a    00;38;2;255;197;143
.axa    00;38;2;255;197;143
.oga    00;38;2;255;197;143
.spx    00;38;2;255;197;143
.xspf   00;38;2;255;197;143

# Video formats (as audio + bold)
.mov    01;38;2;255;197;143
.mpg    01;38;2;255;197;143
.mpeg   01;38;2;255;197;143
.m2v    01;38;2;255;197;143
.mkv    01;38;2;255;197;143
.ogm    01;38;2;255;197;143
.mp4    01;38;2;255;197;143
.m4v    01;38;2;255;197;143
.mp4v   01;38;2;255;197;143
.vob    01;38;2;255;197;143
.qt     01;38;2;255;197;143
.nuv    01;38;2;255;197;143
.wmv    01;38;2;255;197;143
.asf    01;38;2;255;197;143
.rm     01;38;2;255;197;143
.rmvb   01;38;2;255;197;143
.flc    01;38;2;255;197;143
.avi    01;38;2;255;197;143
.fli    01;38;2;255;197;143
.flv    01;38;2;255;197;143
.gl     01;38;2;255;197;143
.m2ts   01;38;2;255;197;143
.axv	01;38;2;255;197;143
.anx	01;38;2;255;197;143
.ogv	01;38;2;255;197;143
.ogx	01;38;2;255;197;143
